1 0 1470
2 1470 3255
3 4725 1194
4 5919 1770
5 7689 4547
6 12236 1073
7 13309 4214
8 17523 1817
9 19340 2139
10 21479 204
11 21683 4950
12 26633 2624
13 29257 2594
14 31851 354
15 32205 1520
16 33725 1493
17 35218 2182
18 37400 1486
19 38886 1074
20 39960 2660
21 42620 1008
22 43628 322
23 43950 4570
24 48520 1277
25 49797 886
26 50683 3911
27 54594 1333
28 55927 3121
29 59048 2616
30 61664 529
31 62193 1282
32 63475 1231
33 64706 2491
34 67197 1190
35 68387 8142
36 76529 583
37 77112 1328
38 78440 7408
39 85848 3861
40 89709 3708
41 93417 3460
42 96877 7002
43 103879 4915
44 108794 1653
45 110447 1587
46 112034 2030
47 114064 1335
48 115399 499
49 115898 1348
50 117246 2290
51 119536 4485
52 124021 1531
53 125552 11551
54 137103 2046
55 139149 809
56 139958 911
57 140869 1052
58 141921 1817
59 143738 708
60 144446 11564
61 156010 1775
62 157785 2957
63 160742 3738
64 164480 942
65 165422 2202
66 167624 1221
67 168845 4755
68 173600 303
69 173903 7048
70 180951 1035
71 181986 1774
72 183760 2559
73 186319 1477
74 187796 1238
75 189034 6672
76 195706 3532
77 199238 999
78 200237 3527
79 203764 1645
80 205409 2988
81 208397 1312
82 209709 501
83 210210 768
84 210978 4829
85 215807 1226
86 217033 6439
87 223472 2684
88 226156 436
89 226592 4235
90 230827 513
91 231340 1479
92 232819 2118
93 234937 2788
94 237725 3168
95 240893 1368
96 242261 1526
97 243787 1128
98 244915 1443
99 246358 2342
100 248700 584
101 249284 2807
102 252091 2696
103 254787 1240
104 256027 1096
105 257123 851
106 257974 971
107 258945 986
108 259931 2350
109 262281 1734
110 264015 1143
111 265158 893
112 266051 1124
113 267175 1348
114 268523 989
115 269512 1940
116 271452 2616
117 274068 1266
118 275334 2733
119 278067 2809
120 280876 2990
121 283866 1053
122 284919 3618
123 288537 2536
124 291073 4287
125 295360 3323
126 298683 5874
127 304557 3292
128 307849 913
129 308762 2320
130 311082 4620
131 315702 2305
132 318007 787
133 318794 5798
134 324592 1227
135 325819 6008
136 331827 867
137 332694 1611
138 334305 866
139 335171 3267
140 338438 6410
141 344848 819
142 345667 3413
143 349080 4030
144 353110 1240
145 354350 1074
146 355424 1795
147 357219 1528
148 358747 2490
149 361237 2489
150 363726 1741
151 365467 1372
152 366839 2903
153 369742 2430
154 372172 1561
155 373733 1854
156 375587 1074
157 376661 944
158 377605 3357
159 380962 1951
160 382913 1922
161 384835 2217
162 387052 1947
163 388999 3117
164 392116 1787
165 393903 3190
167 397093 510
168 397603 1098
169 398701 803
170 399504 2561
171 402065 1050
172 403115 2273
173 405388 1855
174 407243 1417
175 408660 717
176 409377 1670
177 411047 2531
178 413578 1559
179 415137 2279
180 417416 2382
181 419798 2242
182 422040 1060
183 423100 2513
184 425613 1419
185 427032 4179
186 431211 2102
187 433313 1783
189 435096 4206
190 439302 530
191 439832 823
192 440655 2557
193 443212 4232
194 447444 3551
195 450995 897
196 451892 4073
197 455965 3507
198 459472 1214
199 460686 2388
200 463074 2647
201 465721 3131
202 468852 5164
203 474016 5555
204 479571 4689
205 484260 5526
206 489786 1868
207 491654 3872
208 495526 6070
209 501596 2453
210 504049 4425
211 508474 962
212 509436 779
213 510215 4163
214 514378 2660
215 517038 2949
216 519987 1243
217 521230 1936
218 523166 2309
219 525475 2727
220 528202 2295
221 530497 1282
222 531779 4690
223 536469 4571
224 541040 3568
225 544608 3121
226 547729 4095
227 551824 4494
228 556318 2764
229 559082 3812
230 562894 2299
231 565193 1730
232 566923 2288
233 569211 20489
234 589700 3301
235 593001 4073
236 597074 1908
237 598982 8723
238 607705 2667
239 610372 5306
240 615678 5338
241 621016 3678
242 624694 4159
243 628853 5921
244 634774 3018
245 637792 5451
246 643243 1727
247 644970 2610
248 647580 5021
249 652601 4778
250 657379 3301
251 660680 5409
252 666089 5480
253 671569 4267
254 675836 2527
255 678363 4401
256 682764 7389
257 690153 174
258 690327 4720
259 695047 159
260 695206 891
261 696097 782
262 696879 2223
263 699102 1768
264 700870 926
265 701796 1828
266 703624 12126
267 715750 4424
269 720174 6877
270 727051 9970
271 737021 1105
272 738126 9934
273 748060 3369
274 751429 1391
275 752820 3505
277 756325 4655
278 760980 5530
280 766510 1724
281 768234 770
282 769004 2568
285 771572 5158
286 776730 5245
287 781975 1303
288 783278 9362
289 792640 3277
290 795917 583
291 796500 1536
292 798036 3308
293 801344 1870
294 803214 3265
295 806479 5101
296 811580 2120
297 813700 5820
298 819520 2290
299 821810 4205
300 826015 4906
301 830921 658
302 831579 649
303 832228 672
304 832900 653
305 833553 692
306 834245 670
307 834915 681
308 835596 627
309 836223 622
310 836845 645
311 837490 630
312 838120 708
313 838828 676
314 839504 654
315 840158 622
316 840780 665
317 841445 618
318 842063 650
319 842713 635
320 843348 623
321 843971 643
322 844614 636
323 845250 646
324 845896 640
325 846536 658
326 847194 692
327 847886 642
328 848528 675
329 849203 655
330 849858 651
331 850509 670
332 851179 652
333 851831 658
335 852489 645
336 853134 678
337 853812 687
338 854499 664
339 855163 688
340 855851 649
341 856500 665
342 857165 697
344 857862 653
345 858515 628
346 859143 661
347 859804 641
348 860445 651
349 861096 628
350 861724 655
351 862379 643
352 863022 641
353 863663 643
354 864306 637
355 864943 649
356 865592 691
357 866283 647
358 866930 677
359 867607 657
360 868264 622
361 868886 660
362 869546 653
363 870199 673
364 870872 655
365 871527 692
366 872219 627
367 872846 646
368 873492 678
369 874170 653
370 874823 660
371 875483 652
372 876135 655
373 876790 673
374 877463 692
375 878155 646
376 878801 676
377 879477 641
378 880118 704
379 880822 658
380 881480 633
381 882113 662
382 882775 645
383 883420 656
384 884076 644
385 884720 631
386 885351 644
387 885995 639
388 886634 656
389 887290 640
390 887930 694
391 888624 667
392 889291 648
393 889939 677
394 890616 645
395 891261 648
396 891909 653
397 892562 653
398 893215 651
399 893866 673
400 894539 654
401 895193 691
402 895884 647
403 896531 678
404 897209 686
405 897895 653
406 898548 629
407 899177 655
408 899832 653
409 900485 672
410 901157 660
411 901817 692
412 902509 647
413 903156 651
414 903807 645
415 904452 702
416 905154 677
417 905831 644
418 906475 656
419 907131 656
420 907787 631
421 908418 648
422 909066 643
423 909709 647
424 910356 635
425 910991 650
426 911641 644
427 912285 648
428 912933 646
429 913579 663
430 914242 692
431 914934 617
432 915551 675
433 916226 647
434 916873 677
435 917550 653
436 918203 688
437 918891 674
438 919565 657
439 920222 652
440 920874 689
441 921563 647
442 922210 703
443 922913 627
444 923540 636
445 924176 675
446 924851 656
447 925507 655
448 926162 663
449 926825 692
450 927517 654
451 928171 672
452 928843 684
453 929527 651
454 930178 661
455 930839 648
456 931487 699
457 932186 703
458 932889 651
459 933540 677
460 934217 648
461 934865 637
462 935502 641
463 936143 645
464 936788 642
465 937430 674
466 938104 654
467 938758 631
468 939389 633
469 940022 633
470 940655 645
471 941300 644
472 941944 673
473 942617 663
474 943280 684
476 943964 687
477 944651 676
478 945327 650
479 945977 675
480 946652 667
481 947319 679
482 947998 663
483 948661 662
484 949323 687
485 950010 643
486 950653 189
487 950842 172
488 951014 676
489 951690 659
490 952349 687
491 953036 695
492 953731 648
493 954379 653
494 955032 676
495 955708 640
496 956348 646
497 956994 641
498 957635 640
499 958275 682
500 958957 639
501 959596 653
502 960249 639
503 960888 622
504 961510 641
505 962151 645
506 962796 630
507 963426 643
508 964069 640
509 964709 658
510 965367 638
511 966005 647
512 966652 683
513 967335 688
514 968023 703
515 968726 677
516 969403 643
517 970046 653
518 970699 674
519 971373 637
520 972010 676
521 972686 633
522 973319 649
523 973968 661
524 974629 646
525 975275 659
526 975934 683
527 976617 643
528 977260 636
529 977896 676
530 978572 646
531 979218 661
532 979879 638
533 980517 683
534 981200 647
535 981847 664
536 982511 649
537 983160 659
538 983819 697
539 984516 692
540 985208 703
541 985911 645
542 986556 717
543 987273 674
544 987947 643
545 988590 648
546 989238 637
547 989875 668
548 990543 627
549 991170 633
550 991803 656
551 992459 636
552 993095 654
553 993749 641
554 994390 668
555 995058 632
556 995690 682
557 996372 666
558 997038 645
559 997683 675
560 998358 641
561 998999 647
562 999646 682
563 1000328 669
564 1000997 647
565 1001644 648
566 1002292 660
567 1002952 644
568 1003596 675
569 1004271 679
570 1004950 641
571 1005591 633
572 1006224 685
573 1006909 652
574 1007561 645
575 1008206 670
576 1008876 660
577 1009536 638
578 1010174 676
579 1010850 715
580 1011565 675
581 1012240 647
582 1012887 694
583 1013581 693
584 1014274 686
585 1014960 702
586 1015662 705
587 1016367 679
588 1017046 674
589 1017720 675
590 1018395 692
591 1019087 677
592 1019764 662
593 1020426 685
594 1021111 627
595 1021738 638
597 1022376 648
598 1023024 685
599 1023709 648
600 1024357 670
601 1025027 649
602 1025676 657
603 1026333 636
604 1026969 677
605 1027646 662
606 1028308 622
607 1028930 686
608 1029616 652
609 1030268 651
610 1030919 675
611 1031594 657
612 1032251 688
613 1032939 639
614 1033578 724
615 1034302 723
616 1035025 714
617 1035739 675
618 1036414 659
619 1037073 626
620 1037699 635
621 1038334 639
622 1038973 646
623 1039619 620
624 1040239 666
625 1040905 614
626 1041519 624
627 1042143 648
628 1042791 627
629 1043418 663
630 1044081 687
631 1044768 638
632 1045406 675
633 1046081 199
634 1046280 661
635 1046941 679
636 1047620 685
637 1048305 668
638 1048973 651
639 1049624 675
640 1050299 652
641 1050951 662
642 1051613 638
643 1052251 666
644 1052917 677
646 1053594 638
647 1054232 673
648 1054905 675
649 1055580 640
650 1056220 705
651 1056925 671
652 1057596 627
653 1058223 652
654 1058875 641
655 1059516 639
656 1060155 636
657 1060791 614
658 1061405 637
659 1062042 631
660 1062673 637
661 1063310 640
662 1063950 635
663 1064585 646
664 1065231 684
665 1065915 648
666 1066563 673
667 1067236 628
668 1067864 656
669 1068520 642
670 1069162 706
671 1069868 684
672 1070552 677
673 1071229 683
674 1071912 648
675 1072560 650
676 1073210 642
677 1073852 665
678 1074517 636
679 1075153 650
680 1075803 648
681 1076451 676
682 1077127 645
683 1077772 668
684 1078440 686
685 1079126 683
686 1079809 661
687 1080470 653
688 1081123 663
689 1081786 648
690 1082434 676
691 1083110 650
692 1083760 658
693 1084418 643
694 1085061 635
695 1085696 630
696 1086326 639
697 1086965 623
698 1087588 639
699 1088227 656
700 1088883 639
701 1089522 635
702 1090157 684
703 1090841 667
704 1091508 647
705 1092155 683
706 1092838 675
707 1093513 649
708 1094162 685
709 1094847 652
710 1095499 653
711 1096152 680
712 1096832 666
713 1097498 647
714 1098145 675
715 1098820 672
716 1099492 648
717 1100140 711
718 1100851 662
719 1101513 674
720 1102187 629
721 1102816 634
722 1103450 626
723 1104076 686
724 1104762 680
725 1105442 655
726 1106097 655
727 1106752 665
728 1107417 647
730 1108064 653
731 1108717 636
732 1109353 642
733 1109995 637
734 1110632 629
735 1111261 643
736 1111904 632
737 1112536 652
738 1113188 617
739 1113805 630
740 1114435 645
741 1115080 641
742 1115721 686
743 1116407 667
744 1117074 671
745 1117745 640
746 1118385 654
748 1119039 633
749 1119672 647
750 1120319 648
751 1120967 626
752 1121593 630
753 1122223 686
754 1122909 649
755 1123558 680
756 1124238 647
757 1124885 662
758 1125547 640
759 1126187 620
760 1126807 676
761 1127483 647
762 1128130 686
763 1128816 676
764 1129492 648
765 1130140 679
766 1130819 648
767 1131467 656
768 1132123 640
769 1132763 676
770 1133439 628
771 1134067 636
772 1134703 655
773 1135358 658
774 1136016 631
775 1136647 629
776 1137276 680
777 1137956 657
778 1138613 630
779 1139243 628
780 1139871 686
781 1140557 620
782 1141177 662
783 1141839 699
784 1142538 658
785 1143196 626
786 1143822 633
787 1144455 628
788 1145083 638
789 1145721 616
790 1146337 640
791 1146977 623
792 1147600 622
793 1148222 649
794 1148871 631
795 1149502 675
796 1150177 647
797 1150824 685
798 1151509 614
799 1152123 657
800 1152780 643
801 1153423 4316
802 1157739 5460
803 1163199 3016
804 1166215 2748
805 1168963 3741
806 1172704 2123
807 1174827 4007
808 1178834 13138
809 1191972 2514
810 1194486 1918
811 1196404 3622
812 1200026 3865
813 1203891 3875
814 1207766 1896
815 1209662 5438
816 1215100 6876
817 1221976 2508
818 1224484 4582
819 1229066 6976
820 1236042 1503
821 1237545 2484
822 1240029 2673
823 1242702 814
824 1243516 5361
825 1248877 269
826 1249146 838
827 1249984 3577
828 1253561 5926
829 1259487 1238
830 1260725 1385
831 1262110 3687
832 1265797 4583
833 1270380 2387
834 1272767 2203
835 1274970 3777
836 1278747 4061
837 1282808 929
838 1283737 2938
839 1286675 1140
840 1287815 1784
841 1289599 2003
842 1291602 3127
843 1294729 7144
844 1301873 8613
845 1310486 3967
846 1314453 3998
847 1318451 4628
848 1323079 3904
849 1326983 4631
850 1331614 1158
851 1332772 4217
852 1336989 2709
853 1339698 1717
854 1341415 1079
855 1342494 4041
856 1346535 3877
857 1350412 2891
858 1353303 1291
859 1354594 3167
860 1357761 7692
861 1365453 19075
862 1384528 2198
863 1386726 3786
864 1390512 1648
865 1392160 4254
866 1396414 5122
867 1401536 8855
868 1410391 3145
869 1413536 13378
870 1426914 3746
871 1430660 186
872 1430846 6376
873 1437222 8712
874 1445934 5769
875 1451703 2168
876 1453871 4976
877 1458847 1215
878 1460062 3865
879 1463927 6366
880 1470293 1666
881 1471959 3441
882 1475400 2807
883 1478207 6294
884 1484501 5397
885 1489898 1808
886 1491706 6756
887 1498462 3675
888 1502137 10436
889 1512573 6982
890 1519555 4564
891 1524119 3526
892 1527645 6454
893 1534099 9640
894 1543739 1594
895 1545333 2779
896 1548112 2402
897 1550514 4561
898 1555075 8715
899 1563790 1587
900 1565377 4817
901 1570194 8070
902 1578264 11534
903 1589798 2032
904 1591830 3592
905 1595422 5154
906 1600576 5319
907 1605895 5147
908 1611042 6325
909 1617367 1018
910 1618385 7183
911 1625568 2928
912 1628496 9520
913 1638016 4204
914 1642220 6409
915 1648629 2870
916 1651499 1579
917 1653078 2906
918 1655984 3386
919 1659370 1757
920 1661127 5539
921 1666666 9057
922 1675723 172
923 1675895 2278
924 1678173 8405
925 1686578 6783
926 1693361 6445
927 1699806 3674
928 1703480 3367
929 1706847 2873
930 1709720 3399
931 1713119 455
932 1713574 2153
933 1715727 3911
934 1719638 3600
935 1723238 2895
936 1726133 3564
937 1729697 2681
938 1732378 6546
939 1738924 9407
940 1748331 8424
941 1756755 10511
942 1767266 9678
943 1776944 10260
944 1787204 7942
945 1795146 5458
946 1800604 6228
947 1806832 7477
948 1814309 3535
949 1817844 3974
950 1821818 2355
951 1824173 1542
952 1825715 1647
953 1827362 3136
954 1830498 3498
955 1833996 7584
956 1841580 6326
957 1847906 5921
958 1853827 3557
959 1857384 4578
960 1861962 3468
961 1865430 11588
962 1877018 5136
963 1882154 6625
964 1888779 4790
965 1893569 1055
966 1894624 4151
967 1898775 3642
968 1902417 3427
969 1905844 4296
970 1910140 4889
971 1915029 4542
972 1919571 7970
973 1927541 2230
974 1929771 5522
975 1935293 4362
976 1939655 6516
977 1946171 4774
978 1950945 2152
979 1953097 2128
980 1955225 1478
981 1956703 3298
982 1960001 4580
983 1964581 4119
984 1968700 6220
985 1974920 8562
986 1983482 1838
987 1985320 5765
988 1991085 7259
989 1998344 1270
990 1999614 3405
991 2003019 4092
992 2007111 1611
993 2008722 7279
994 2016001 2739
995 2018740 10124
996 2028864 4277
997 2033141 5789
998 2038930 799
999 2039729 3741
1000 2043470 1961
1001 2045431 198
1002 2045629 160
1003 2045789 188
1004 2045977 160
1005 2046137 605
1006 2046742 639
1007 2047381 612
1008 2047993 657
1009 2048650 639
1010 2049289 615
1011 2049904 173
1012 2050077 585
1013 2050662 608
1015 2051270 214
1016 2051484 160
1017 2051644 642
1018 2052286 154
1019 2052440 652
1020 2053092 622
1021 2053714 617
1022 2054331 620
1023 2054951 620
1024 2055571 620
1025 2056191 617
1026 2056808 611
1027 2057419 622
1028 2058041 626
1029 2058667 175
1030 2058842 638
1031 2059480 621
1032 2060101 608
1033 2060709 163
1034 2060872 614
1035 2061486 203
1036 2061689 667
1037 2062356 204
1038 2062560 610
1039 2063170 353
1040 2063523 175
1041 2063698 655
1042 2064353 640
1043 2064993 556
1044 2065549 623
1045 2066172 666
1046 2066838 619
1048 2067457 636
1049 2068093 624
1050 2068717 644
1051 2069361 637
1052 2069998 647
1053 2070645 641
1054 2071286 200
1055 2071486 620
1056 2072106 618
1057 2072724 605
1058 2073329 639
1059 2073968 612
1060 2074580 660
1061 2075240 617
1062 2075857 613
1063 2076470 204
1064 2076674 538
1065 2077212 608
1066 2077820 194
1067 2078014 638
1068 2078652 623
1069 2079275 608
1070 2079883 209
1071 2080092 609
1072 2080701 162
1073 2080863 656
1074 2081519 608
1075 2082127 162
1076 2082289 180
1077 2082469 173
1078 2082642 200
1079 2082842 614
1080 2083456 642
1081 2084098 612
1082 2084710 655
1083 2085365 651
1084 2086016 618
1085 2086634 205
1086 2086839 538
1087 2087377 608
1088 2087985 191
1089 2088176 277
1090 2088453 294
1091 2088747 174
1092 2088921 638
1093 2089559 621
1094 2090180 200
1095 2090380 271
1096 2090651 293
1097 2090944 649
1098 2091593 162
1099 2091755 251
1100 2092006 608
1101 2092614 182
1102 2092796 616
1103 2093412 225
1104 2093637 643
1106 2094280 617
1107 2094897 623
1108 2095520 618
1109 2096138 622
1110 2096760 171
1111 2096931 538
1112 2097469 642
1113 2098111 202
1114 2098313 184
1115 2098497 641
1116 2099138 620
1117 2099758 642
1118 2100400 194
1119 2100594 638
1120 2101232 176
1121 2101408 616
1122 2102024 180
1123 2102204 613
1124 2102817 642
1126 2103459 662
1127 2104121 642
1130 2104763 656
1132 2105419 642
1133 2106061 644
1134 2106705 638
1135 2107343 618
1136 2107961 188
1137 2108149 615
1138 2108764 604
1139 2109368 608
1140 2109976 611
1141 2110587 619
1142 2111206 627
1143 2111833 619
1144 2112452 642
1145 2113094 175
1146 2113269 584
1147 2113853 640
1148 2114493 182
1149 2114675 625
1150 2115300 607
1151 2115907 621
1152 2116528 642
1153 2117170 619
1154 2117789 621
1155 2118410 618
1156 2119028 204
1157 2119232 618
1158 2119850 649
1159 2120499 160
1160 2120659 627
1161 2121286 642
1162 2121928 650
1163 2122578 650
1164 2123228 161
1165 2123389 608
1166 2123997 199
1167 2124196 173
1168 2124369 179
1169 2124548 173
1170 2124721 601
1171 2125322 612
1172 2125934 619
1173 2126553 627
1174 2127180 620
1175 2127800 623
1176 2128423 174
1177 2128597 584
1178 2129181 642
1179 2129823 161
1180 2129984 611
1181 2130595 176
1182 2130771 622
1183 2131393 608
1184 2132001 642
1185 2132643 204
1186 2132847 615
1187 2133462 172
1188 2133634 625
1189 2134259 642
1190 2134901 199
1191 2135100 173
1192 2135273 154
1193 2135427 173
1194 2135600 602
1195 2136202 612
1196 2136814 620
1197 2137434 629
1198 2138063 621
1199 2138684 618
1200 2139302 174
1201 2139476 586
1202 2140062 640
1203 2140702 197
1204 2140899 624
1205 2141523 606
1206 2142129 642
1207 2142771 266
1208 2143037 616
1209 2143653 161
1210 2143814 625
1211 2144439 201
1212 2144640 690
1213 2145330 154
1214 2145484 627
1215 2146111 641
1216 2146752 176
1217 2146928 194
1218 2147122 176
1219 2147298 188
1220 2147486 176
1221 2147662 170
1222 2147832 176
1223 2148008 173
1224 2148181 188
1225 2148369 182
1226 2148551 603
1227 2149154 173
1228 2149327 583
1229 2149910 203
1230 2150113 619
1231 2150732 619
1232 2151351 605
1233 2151956 613
1234 2152569 620
1235 2153189 627
1236 2153816 620
1237 2154436 616
1238 2155052 171
1239 2155223 623
1240 2155846 608
1241 2156454 641
1242 2157095 641
1243 2157736 203
1244 2157939 613
1245 2158552 613
1246 2159165 181
1247 2159346 175
1248 2159521 155
1249 2159676 629
1250 2160305 641
1251 2160946 182
1252 2161128 154
1253 2161282 173
1254 2161455 198
1255 2161653 603
1256 2162256 616
1257 2162872 620
1258 2163492 629
1259 2164121 620
1260 2164741 617
1261 2165358 167
1262 2165525 583
1263 2166108 641
1264 2166749 187
1265 2166936 623
1266 2167559 604
1267 2168163 641
1268 2168804 213
1269 2169017 612
1270 2169629 194
1271 2169823 621
1272 2170444 161
1273 2170605 629
1274 2171234 641
1275 2171875 159
1276 2172034 611
1277 2172645 180
1278 2172825 166
1279 2172991 148
1280 2173139 198
1281 2173337 603
1282 2173940 614
1283 2174554 620
1284 2175174 631
1285 2175805 621
1286 2176426 618
1287 2177044 641
1288 2177685 173
1289 2177858 583
1290 2178441 675
1291 2179116 213
1292 2179329 193
1293 2179522 622
1294 2180144 608
1295 2180752 184
1296 2180936 175
1298 2181111 171
1299 2181282 664
1300 2181946 201
1301 2182147 656
1302 2182803 221
1303 2183024 613
1304 2183637 175
1305 2183812 195
1306 2184007 629
1307 2184636 640
1308 2185276 657
1309 2185933 632
1310 2186565 649
1311 2187214 644
1312 2187858 648
1313 2188506 636
1315 2189142 645
1316 2189787 649
1317 2190436 647
1318 2191083 623
1319 2191706 200
1320 2191906 619
1321 2192525 616
1322 2193141 605
1323 2193746 614
1324 2194360 615
1325 2194975 630
1326 2195605 620
1327 2196225 649
1328 2196874 161
1329 2197035 583
1330 2197618 178
1331 2197796 609
1332 2198405 641
1333 2199046 176
1334 2199222 630
1335 2199852 181
1336 2200033 623
1337 2200656 607
1338 2201263 644
1339 2201907 641
1340 2202548 203
1341 2202751 610
1342 2203361 161
1343 2203522 629
1344 2204151 641
1345 2204792 222
1346 2205014 148
1347 2205162 212
1348 2205374 148
1349 2205522 601
1350 2206123 613
1351 2206736 620
1352 2207356 633
1353 2207989 622
1354 2208611 624
1355 2209235 173
1356 2209408 585
1357 2209993 641
1358 2210634 179
1359 2210813 187
1360 2211000 622
1361 2211622 606
1362 2212228 641
1363 2212869 240
1364 2213109 163
1365 2213272 166
1366 2213438 191
1367 2213629 609
1368 2214238 161
1369 2214399 628
1370 2215027 641
1371 2215668 208
1372 2215876 215
1373 2216091 599
1374 2216690 167
1375 2216857 584
1376 2217441 148
1377 2217589 175
1378 2217764 155
1379 2217919 185
1380 2218104 623
1381 2218727 622
1382 2219349 621
1383 2219970 198
1384 2220168 603
1385 2220771 615
1386 2221386 620
1387 2222006 630
1388 2222636 620
1389 2223256 649
1390 2223905 642
1391 2224547 175
1392 2224722 623
1393 2225345 606
1394 2225951 642
1395 2226593 232
1396 2226825 672
1397 2227497 596
1398 2228093 184
1399 2228277 621
1400 2228898 225
1401 2229123 659
1402 2229782 203
1403 2229985 615
1404 2230600 161
1405 2230761 630
1406 2231391 170
1407 2231561 642
1408 2232203 172
1409 2232375 646
1410 2233021 643
1411 2233664 675
1412 2234339 655
1413 2234994 632
1414 2235626 634
1416 2236260 646
1417 2236906 645
1418 2237551 674
1419 2238225 610
1420 2238835 200
1421 2239035 616
1422 2239651 620
1423 2240271 602
1424 2240873 614
1425 2241487 620
1426 2242107 630
1427 2242737 618
1428 2243355 674
1429 2244029 174
1430 2244203 585
1432 2244788 175
1433 2244963 624
1434 2245587 605
1435 2246192 642
1436 2246834 224
1437 2247058 223
1438 2247281 618
1439 2247899 180
1440 2248079 626
1442 2248705 638
1443 2249343 197
1444 2249540 200
1445 2249740 212
1446 2249952 206
1447 2250158 200
1448 2250358 601
1449 2250959 615
1450 2251574 615
1451 2252189 627
1452 2252816 624
1453 2253440 636
1454 2254076 180
1455 2254256 584
1456 2254840 642
1457 2255482 632
1458 2256114 190
1459 2256304 622
1460 2256926 604
1461 2257530 642
1462 2258172 190
1463 2258362 173
1464 2258535 251
1465 2258786 626
1466 2259412 195
1467 2259607 643
1468 2260250 642
1469 2260892 186
1470 2261078 585
1471 2261663 213
1472 2261876 644
1473 2262520 642
1474 2263162 169
1475 2263331 627
1476 2263958 604
1477 2264562 642
1478 2265204 183
1479 2265387 622
1480 2266009 220
1481 2266229 607
1482 2266836 174
1483 2267010 609
1484 2267619 642
1485 2268261 178
1486 2268439 184
1487 2268623 172
1488 2268795 217
1489 2269012 620
1490 2269632 679
1491 2270311 624
1492 2270935 640
1493 2271575 654
1494 2272229 640
1495 2272869 623
1497 2273492 646
1498 2274138 631
1499 2274769 644
1500 2275413 641
1501 2276054 781
1502 2276835 1095
1503 2277930 2938
1504 2280868 4410
1505 2285278 9678
1506 2294956 2190
1507 2297146 3165
1508 2300311 2100
1509 2302411 2281
1510 2304692 27042
1511 2331734 1894
1512 2333628 1774
1513 2335402 5374
1514 2340776 5464
1515 2346240 2501
1516 2348741 3412
1517 2352153 4776
1518 2356929 3727
1519 2360656 3380
1520 2364036 15488
1521 2379524 4144
1522 2383668 3597
1523 2387265 10157
1524 2397422 1682
1525 2399104 1503
1526 2400607 5868
1527 2406475 10960
1528 2417435 5254
1529 2422689 3856
1530 2426545 2199
1531 2428744 1310
1532 2430054 668
1533 2430722 1534
1534 2432256 4653
1535 2436909 2739
1536 2439648 1955
1537 2441603 8795
1538 2450398 6275
1539 2456673 5195
1540 2461868 1976
1541 2463844 6478
1542 2470322 2972
1543 2473294 2942
1544 2476236 7514
1545 2483750 1700
1546 2485450 2120
1547 2487570 2595
1548 2490165 1702
1549 2491867 1604
1550 2493471 10921
1551 2504392 7618
1552 2512010 3384
1553 2515394 3041
1554 2518435 1903
1555 2520338 5578
1556 2525916 8189
1557 2534105 3211
1558 2537316 581
1559 2537897 3660
1560 2541557 5127
1561 2546684 6913
1562 2553597 925
1563 2554522 2367
1564 2556889 4372
1565 2561261 3556
1566 2564817 2909
1567 2567726 5630
1568 2573356 5092
1569 2578448 7358
1570 2585806 1128
1571 2586934 3943
1572 2590877 1351
1573 2592228 7351
1574 2599579 3297
1575 2602876 4386
1576 2607262 4880
1577 2612142 2349
1578 2614491 6083
1579 2620574 2283
1580 2622857 1712
1581 2624569 15316
1582 2639885 9301
1583 2649186 5397
1584 2654583 1375
1585 2655958 5700
1586 2661658 1397
1587 2663055 6568
1589 2669623 4613
1590 2674236 9772
1591 2684008 1735
1592 2685743 3481
1593 2689224 15710
1594 2704934 9601
1595 2714535 3913
1596 2718448 7900
1597 2726348 13783
1598 2740131 3801
1599 2743932 14095
1601 2758027 1966
1602 2759993 3131
1603 2763124 2448
1604 2765572 7784
1605 2773356 2661
1606 2776017 2012
1607 2778029 6215
1608 2784244 4243
1609 2788487 4363
1610 2792850 3832
1611 2796682 6885
1612 2803567 3602
1613 2807169 3282
1614 2810451 4622
1615 2815073 5264
1616 2820337 4441
1617 2824778 3417
1618 2828195 4119
1619 2832314 1137
1620 2833451 7945
1621 2841396 4569
1622 2845965 4387
1623 2850352 4372
1624 2854724 4084
1625 2858808 5562
1626 2864370 7796
1627 2872166 2344
1628 2874510 2125
1629 2876635 2948
1630 2879583 2942
1631 2882525 4612
1632 2887137 5427
1633 2892564 3166
1634 2895730 4086
1635 2899816 5458
1636 2905274 4680
1637 2909954 5116
1638 2915070 2488
1639 2917558 2726
1640 2920284 2966
1641 2923250 8260
1642 2931510 1226
1643 2932736 768
1644 2933504 201
1645 2933705 4146
1646 2937851 3342
1647 2941193 1542
1648 2942735 9947
1649 2952682 3066
1650 2955748 8753
1651 2964501 3961
1652 2968462 5243
1653 2973705 4930
1654 2978635 8582
1655 2987217 4795
1656 2992012 3918
1657 2995930 519
1658 2996449 4684
1659 3001133 4392
1660 3005525 3812
1661 3009337 5823
1662 3015160 7215
1663 3022375 6467
1664 3028842 2571
1665 3031413 3358
1666 3034771 965
1667 3035736 22909
1668 3058645 18579
1669 3077224 2581
1670 3079805 8475
1671 3088280 1644
1672 3089924 2392
1673 3092316 7134
1674 3099450 3337
1675 3102787 11012
1676 3113799 2873
1677 3116672 3509
1678 3120181 3220
1679 3123401 4834
1680 3128235 7263
1681 3135498 6901
1682 3142399 6190
1683 3148589 1072
1684 3149661 2783
1685 3152444 3444
1686 3155888 1044
1687 3156932 2435
1688 3159367 1551
1689 3160918 6342
1690 3167260 13623
1691 3180883 2095
1692 3182978 12951
1693 3195929 6468
1694 3202397 2876
1695 3205273 5030
1696 3210303 1961
1697 3212264 9043
1698 3221307 6562
1699 3227869 2478
1700 3230347 6444
1701 3236791 3333
1702 3240124 3684
1703 3243808 6350
1704 3250158 1481
1705 3251639 2678
1706 3254317 2087
1707 3256404 3102
1708 3259506 1596
1709 3261102 8508
1710 3269610 3497
1711 3273107 3384
1712 3276491 1359
1713 3277850 7909
1714 3285759 8193
1715 3293952 8630
1716 3302582 5679
1718 3308261 7075
1719 3315336 5484
1720 3320820 1788
1721 3322608 6417
1722 3329025 9029
1723 3338054 3857
1725 3341911 2720
1726 3344631 2390
1727 3347021 3854
1728 3350875 4802
1729 3355677 4255
1730 3359932 3240
1731 3363172 7045
1732 3370217 8568
1733 3378785 8481
1734 3387266 2789
1735 3390055 638
1736 3390693 4182
1737 3394875 8128
1738 3403003 8329
1739 3411332 5400
1741 3416732 7590
1742 3424322 6634
1743 3430956 3454
1744 3434410 2891
1745 3437301 1051
1746 3438352 3045
1747 3441397 10592
1748 3451989 7555
1749 3459544 7608
1750 3467152 1032
1751 3468184 2960
1752 3471144 1785
1753 3472929 8019
1754 3480948 6933
1755 3487881 4053
1756 3491934 1023
1757 3492957 9571
1758 3502528 9622
1759 3512150 2697
1760 3514847 3785
1761 3518632 5682
1762 3524314 14774
1763 3539088 3036
1764 3542124 4447
1765 3546571 7883
1766 3554454 6490
1767 3560944 2498
1768 3563442 3857
1769 3567299 3792
1770 3571091 1850
1771 3572941 3377
1772 3576318 5069
1773 3581387 2231
1774 3583618 1097
1775 3584715 1354
1776 3586069 3986
1777 3590055 981
1778 3591036 3477
1779 3594513 3291
1780 3597804 3666
1781 3601470 3267
1782 3604737 2455
1783 3607192 977
1784 3608169 1252
1785 3609421 8057
1786 3617478 7003
1787 3624481 4474
1788 3628955 7288
1789 3636243 986
1790 3637229 3320
1791 3640549 9061
1792 3649610 2138
1793 3651748 6286
1794 3658034 6277
1795 3664311 1133
1796 3665444 821
1797 3666265 6791
1798 3673056 3572
1799 3676628 2671
1800 3679299 1014
1801 3680313 1028
1802 3681341 1084
1803 3682425 6688
1804 3689113 2159
1805 3691272 1930
1807 3693202 6205
1808 3699407 3626
1809 3703033 629
1810 3703662 1835
1811 3705497 3079
1812 3708576 1256
1813 3709832 2299
1814 3712131 1111
1815 3713242 3478
1816 3716720 4110
1817 3720830 4326
1818 3725156 6286
1819 3731442 3753
1820 3735195 710
1821 3735905 4275
1822 3740180 4079
1823 3744259 535
1824 3744794 997
1825 3745791 1582
1826 3747373 3653
1827 3751026 3587
1828 3754613 4802
1829 3759415 2696
1830 3762111 2077
1831 3764188 3129
1832 3767317 800
1833 3768117 7180
1834 3775297 945
1835 3776242 3146
1836 3779388 2383
1837 3781771 2672
1838 3784443 3404
1839 3787847 2548
1840 3790395 4069
1841 3794464 2040
1842 3796504 1860
1843 3798364 4434
1844 3802798 1421
1845 3804219 4423
1846 3808642 3880
1847 3812522 5679
1848 3818201 6663
1849 3824864 4529
1850 3829393 1799
1851 3831192 1268
1852 3832460 2847
1853 3835307 6442
1854 3841749 2537
1855 3844286 3446
1856 3847732 2711
1857 3850443 2275
1858 3852718 10498
1859 3863216 762
1860 3863978 9114
1861 3873092 6812
1862 3879904 2203
1863 3882107 2519
1864 3884626 2389
1865 3887015 2368
1866 3889383 1345
1867 3890728 1134
1868 3891862 2944
1869 3894806 10170
1870 3904976 1275
1871 3906251 3967
1872 3910218 1123
1873 3911341 455
1874 3911796 10794
1875 3922590 1834
1876 3924424 3362
1877 3927786 3341
1878 3931127 3581
1879 3934708 9691
1880 3944399 2183
1881 3946582 1110
1882 3947692 779
1883 3948471 1053
1884 3949524 1831
1885 3951355 8520
1886 3959875 3454
1887 3963329 6344
1888 3969673 4813
1889 3974486 5609
1890 3980095 1705
1891 3981800 5359
1892 3987159 1690
1893 3988849 1709
1894 3990558 6801
1895 3997359 2783
1896 4000142 1495
1897 4001637 2065
1898 4003702 2579
1899 4006281 2576
1900 4008857 3779
1901 4012636 4991
1902 4017627 6536
1903 4024163 4713
1904 4028876 4231
1905 4033107 3599
1906 4036706 3046
1907 4039752 4097
1908 4043849 8641
1909 4052490 4032
1910 4056522 7528
1911 4064050 38564
1912 4102614 5436
1913 4108050 17868
1914 4125918 5287
1915 4131205 2765
1916 4133970 10537
1917 4144507 3779
1918 4148286 4724
1919 4153010 5404
1920 4158414 4822
1921 4163236 5242
1922 4168478 6722
1923 4175200 6481
1924 4181681 4675
1925 4186356 4146
1926 4190502 8949
1927 4199451 8401
1928 4207852 5479
1929 4213331 4268
1930 4217599 7440
1931 4225039 7901
1932 4232940 5644
1933 4238584 5354
1934 4243938 4461
1935 4248399 4956
1936 4253355 4314
1937 4257669 4366
1938 4262035 5342
1939 4267377 1253
1940 4268630 4005
1941 4272635 19868
1942 4292503 3705
1943 4296208 6329
1944 4302537 4674
1945 4307211 2810
1946 4310021 3477
1947 4313498 3910
1948 4317408 3464
1949 4320872 4273
1950 4325145 11912
1951 4337057 4240
1952 4341297 8215
1953 4349512 7859
1954 4357371 7999
1955 4365370 7306
1956 4372676 1625
1957 4374301 5248
1958 4379549 16445
1959 4395994 4604
1960 4400598 9445
1961 4410043 5305
1962 4415348 4193
1963 4419541 4782
1964 4424323 4027
1965 4428350 10505
1966 4438855 5551
1967 4444406 4109
1968 4448515 3159
1969 4451674 3742
1970 4455416 3917
1971 4459333 3309
1972 4462642 3414
1973 4466056 18427
1974 4484483 4804
1975 4489287 5360
1976 4494647 3395
1977 4498042 11471
1978 4509513 7873
1979 4517386 19535
1980 4536921 5451
1981 4542372 1226
1982 4543598 2123
1983 4545721 2867
1984 4548588 3662
1985 4552250 19350
1986 4571600 19773
1987 4591373 4348
1988 4595721 4294
1989 4600015 3518
1990 4603533 12561
1991 4616094 6781
1992 4622875 25783
1993 4648658 11224
1994 4659882 7091
1995 4666973 1547
1996 4668520 5944
1997 4674464 6348
1998 4680812 23587
1999 4704399 1563
2000 4705962 2806
2001 4708768 176
2002 4708944 176
2003 4709120 197
2004 4709317 188
2005 4709505 161
2006 4709666 202
2007 4709868 201
2008 4710069 201
2009 4710270 200
2010 4710470 203
2011 4710673 194
2012 4710867 176
2013 4711043 159
2014 4711202 164
2015 4711366 186
2016 4711552 183
2017 4711735 205
2018 4711940 180
2019 4712120 161
2020 4712281 167
2021 4712448 182
2022 4712630 176
2023 4712806 196
2024 4713002 197
2025 4713199 201
2026 4713400 197
2027 4713597 161
2028 4713758 189
2029 4713947 203
2030 4714150 183
2031 4714333 201
2032 4714534 176
2033 4714710 195
2034 4714905 200
2035 4715105 197
2036 4715302 204
2037 4715506 180
2038 4715686 207
2039 4715893 199
2040 4716092 202
2041 4716294 203
2042 4716497 197
2043 4716694 195
2044 4716889 190
2045 4717079 182
2046 4717261 167
2047 4717428 202
2048 4717630 194
2049 4717824 170
2050 4717994 155
2051 4718149 1588
2052 4719737 3076
2053 4722813 1177
2054 4723990 582
2055 4724572 1568
2056 4726140 1639
2057 4727779 1565
2058 4729344 8819
2059 4738163 7782
2060 4745945 4434
2061 4750379 2925
2062 4753304 608
2063 4753912 7690
2064 4761602 4048
2065 4765650 12555
2066 4778205 4929
2067 4783134 2528
2068 4785662 3904
2069 4789566 16208
2070 4805774 6314
2071 4812088 2625
2072 4814713 304
2073 4815017 2354
2074 4817371 3861
2075 4821232 2823
2076 4824055 13566
2077 4837621 7937
2078 4845558 1914
2079 4847472 2785
2080 4850257 1936
2081 4852193 1854
2082 4854047 3476
2083 4857523 2221
2084 4859744 3063
2085 4862807 1996
2086 4864803 1834
2087 4866637 2196
2088 4868833 2942
2089 4871775 2862
2090 4874637 1935
2092 4876572 2195
2094 4878767 1995
2095 4880762 2609
2096 4883371 3326
2097 4886697 2173
2098 4888870 1916
2099 4890786 1779
2100 4892565 2091
2101 4894656 4507
2102 4899163 3903
2103 4903066 3805
2104 4906871 3012
2105 4909883 2457
2106 4912340 2572
2107 4914912 2337
2108 4917249 2378
2110 4919627 319
2111 4919946 5870
2112 4925816 3903
2114 4929719 9959
2115 4939678 2813
2116 4942491 965
2117 4943456 4429
2118 4947885 7177
2119 4955062 304
2120 4955366 3204
2121 4958570 2677
2122 4961247 2384
2123 4963631 2603
2124 4966234 3574
2125 4969808 4359
2126 4974167 2616
2127 4976783 4997
2128 4981780 2755
2129 4984535 8233
2130 4992768 2758
2131 4995526 6293
2132 5001819 2452
2133 5004271 1225
2134 5005496 17846
2135 5023342 9879
2136 5033221 2966
2137 5036187 3249
2138 5039436 5893
2139 5045329 3488
2140 5048817 1947
2141 5050764 3085
2142 5053849 4500
2143 5058349 4381
2144 5062730 3725
2145 5066455 2997
2146 5069452 24581
2147 5094033 11338
2148 5105371 16330
2149 5121701 30733
2150 5152434 3791
2151 5156225 1994
2152 5158219 3114
2153 5161333 6317
2154 5167650 981
2156 5168631 935
2157 5169566 1145
2158 5170711 786
2159 5171497 6310
2160 5177807 2842
2161 5180649 5076
2162 5185725 9067
2163 5194792 7352
2164 5202144 1829
2167 5203973 1507
2168 5205480 639
2169 5206119 3282
2171 5209401 2877
2172 5212278 2215
2173 5214493 5712
2174 5220205 1298
2175 5221503 4410
2176 5225913 690
2177 5226603 2551
2178 5229154 1536
2179 5230690 1133
2180 5231823 2515
2181 5234338 4359
2182 5238697 2924
2183 5241621 5429
2184 5247050 5863
2185 5252913 4462
2186 5257375 2759
2187 5260134 2065
2188 5262199 1067
2189 5263266 805
2190 5264071 2636
2191 5266707 5780
2192 5272487 945
2193 5273432 1805
2194 5275237 1732
2195 5276969 7470
2196 5284439 1204
2197 5285643 2224
2198 5287867 2429
2199 5290296 1391
2200 5291687 580
2201 5292267 5001
2202 5297268 6119
2203 5303387 11621
2204 5315008 1215
2205 5316223 2340
2206 5318563 1027
2207 5319590 1262
2208 5320852 2180
2210 5323032 5184
2211 5328216 2438
2212 5330654 3020
2213 5333674 20077
2214 5353751 2846
2215 5356597 1610
2216 5358207 2244
2217 5360451 1761
2218 5362212 1458
2219 5363670 7348
2220 5371018 4600
2221 5375618 12588
2222 5388206 2410
2223 5390616 1820
2224 5392436 1443
2225 5393879 3106
2226 5396985 1376
2227 5398361 3878
2228 5402239 1101
2230 5403340 1334
2231 5404674 2383
2232 5407057 1957
2234 5409014 3463
2235 5412477 197
2236 5412674 968
2237 5413642 7317
2238 5420959 5207
2239 5426166 6567
2240 5432733 4431
2241 5437164 3696
2242 5440860 2747
2243 5443607 30920
2244 5474527 3959
2245 5478486 5284
2246 5483770 2842
2247 5486612 1962
2248 5488574 4740
2249 5493314 1223
2250 5494537 2559
2251 5497096 3754
2252 5500850 2422
2253 5503272 2047
2254 5505319 2517
2255 5507836 3443
2256 5511279 2469
2257 5513748 2524
2258 5516272 20273
2259 5536545 8404
2260 5544949 4377
2261 5549326 4481
2262 5553807 4150
2263 5557957 1540
2264 5559497 4492
2265 5563989 1370
2266 5565359 1188
2267 5566547 1486
2268 5568033 7434
2269 5575467 2186
2270 5577653 18033
2271 5595686 8886
2272 5604572 5683
2273 5610255 4031
2274 5614286 3568
2275 5617854 2060
2276 5619914 16380
2277 5636294 4467
2278 5640761 1160
2279 5641921 1934
2280 5643855 1360
2281 5645215 8183
2282 5653398 5179
2283 5658577 6851
2284 5665428 1936
2285 5667364 8212
2286 5675576 7569
2287 5683145 8513
2288 5691658 4985
2289 5696643 6752
2290 5703395 15099
2291 5718494 7549
2292 5726043 5089
2293 5731132 1377
2294 5732509 1578
2295 5734087 2160
2296 5736247 1354
2297 5737601 825
2298 5738426 6379
2299 5744805 2140
2300 5746945 8305
2301 5755250 4231
2302 5759481 1884
2303 5761365 5245
2304 5766610 5477
2305 5772087 9124
2306 5781211 4700
2307 5785911 9533
2308 5795444 3780
2309 5799224 1081
2310 5800305 1433
2311 5801738 1366
2312 5803104 9087
2313 5812191 304
2314 5812495 1736
2315 5814231 776
2316 5815007 1463
2317 5816470 12561
2318 5829031 8041
2319 5837072 4086
2320 5841158 5008
2321 5846166 4471
2322 5850637 8948
2323 5859585 2225
2324 5861810 5372
2325 5867182 2933
2326 5870115 3118
2327 5873233 1689
2328 5874922 8099
2329 5883021 3697
2330 5886718 14179
2331 5900897 3290
2332 5904187 3884
2333 5908071 4320
2334 5912391 11600
2335 5923991 937
2336 5924928 8011
2337 5932939 6273
2338 5939212 789
2339 5940001 5689
2340 5945690 15707
2341 5961397 923
2342 5962320 6072
2343 5968392 684
2344 5969076 5268
2345 5974344 8069
2346 5982413 1448
2347 5983861 4370
2348 5988231 708
2349 5988939 8920
2350 5997859 1367
2351 5999226 1295
2352 6000521 5517
2353 6006038 1240
2354 6007278 1956
2355 6009234 2664
2356 6011898 2420
2357 6014318 1216
2358 6015534 1139
2359 6016673 6820
2360 6023493 3169
2361 6026662 2596
2362 6029258 5244
2363 6034502 1917
2364 6036419 2572
2365 6038991 4777
2366 6043768 4730
2367 6048498 4489
2368 6052987 3090
2369 6056077 7697
2370 6063774 5815
2371 6069589 3531
2372 6073120 3346
2373 6076466 2368
2374 6078834 3497
2375 6082331 2177
2376 6084508 2042
2377 6086550 9191
2378 6095741 5412
2379 6101153 7528
2380 6108681 5444
2381 6114125 4862
2382 6118987 8270
2383 6127257 11955
2384 6139212 6335
2385 6145547 1436
2386 6146983 1861
2387 6148844 979
2388 6149823 5303
2389 6155126 2956
2390 6158082 674
2391 6158756 4194
2392 6162950 819
2393 6163769 3152
2394 6166921 737
2395 6167658 924
2396 6168582 4232
2397 6172814 3674
2398 6176488 1279
2399 6177767 1811
2400 6179578 1152
2401 6180730 1640
2402 6182370 882
2403 6183252 2502
2404 6185754 4388
2405 6190142 4686
2406 6194828 1114
2407 6195942 2246
2408 6198188 960
2409 6199148 1976
2410 6201124 897
2411 6202021 1197
2412 6203218 1487
2413 6204705 558
2414 6205263 3969
2415 6209232 1452
2416 6210684 4815
2417 6215499 2486
2418 6217985 2070
2419 6220055 2492
2420 6222547 2243
2421 6224790 3488
2422 6228278 1676
2423 6229954 1126
2424 6231080 2610
2425 6233690 2029
2426 6235719 1899
2427 6237618 4294
2428 6241912 14600
2429 6256512 2126
2430 6258638 6589
2431 6265227 13732
2432 6278959 9063
2433 6288022 3707
2434 6291729 4608
2435 6296337 3641
2436 6299978 5673
2437 6305651 1692
2439 6307343 3988
2440 6311331 1893
2441 6313224 9765
2442 6322989 6488
2443 6329477 2454
2444 6331931 4530
2445 6336461 7552
2446 6344013 2087
2447 6346100 3706
2448 6349806 4314
2449 6354120 1087
2450 6355207 2215
2451 6357422 6354
2452 6363776 3582
2453 6367358 6859
2454 6374217 10181
2455 6384398 2177
2456 6386575 3674
2457 6390249 2335
2458 6392584 3707
2459 6396291 2946
2460 6399237 3773
2461 6403010 1621
2462 6404631 10138
2463 6414769 2143
2464 6416912 4986
2465 6421898 2419
2466 6424317 1513
2467 6425830 7957
2468 6433787 6794
2469 6440581 4452
2470 6445033 9617
2471 6454650 6412
2472 6461062 5737
2473 6466799 2877
2474 6469676 5682
2475 6475358 10450
2476 6485808 4315
2477 6490123 6165
2478 6496288 4639
2479 6500927 2276
2480 6503203 3431
2481 6506634 8906
2482 6515540 1807
2483 6517347 5742
2484 6523089 4049
2485 6527138 4054
2486 6531192 2612
2487 6533804 368
2488 6534172 1857
2489 6536029 7404
2490 6543433 4450
2491 6547883 2430
2492 6550313 1744
2493 6552057 3088
2494 6555145 3527
2495 6558672 2793
2496 6561465 5240
2497 6566705 1177
2498 6567882 1163
2499 6569045 3115
2500 6572160 7622
2501 6579782 7655
2502 6587437 1190
2503 6588627 6037
2504 6594664 1693
2505 6596357 2330
2506 6598687 4839
2507 6603526 1724
2508 6605250 3358
2509 6608608 1928
2510 6610536 1172
2511 6611708 2642
2512 6614350 671
2513 6615021 2801
2514 6617822 5211
2515 6623033 187
2516 6623220 1657
2517 6624877 2835
2518 6627712 4163
2519 6631875 1252
2520 6633127 1112
2521 6634239 1619
2522 6635858 1183
2523 6637041 1663
2524 6638704 825
2525 6639529 866
2526 6640395 3828
2527 6644223 831
2528 6645054 3115
2529 6648169 7846
2530 6656015 2548
2531 6658563 1507
2532 6660070 3162
2533 6663232 1159
2534 6664391 2700
2535 6667091 2352
2536 6669443 1347
2537 6670790 1030
2538 6671820 3673
2539 6675493 3073
2540 6678566 1465
2541 6680031 8354
2542 6688385 1464
2543 6689849 2057
2544 6691906 957
2545 6692863 1667
2546 6694530 1626
2547 6696156 915
2548 6697071 2428
2549 6699499 9647
2550 6709146 3960
2551 6713106 3680
2552 6716786 1999
2553 6718785 3215
2554 6722000 2860
2555 6724860 7576
2556 6732436 409
2557 6732845 511
2558 6733356 11259
2559 6744615 4490
2560 6749105 3675
2561 6752780 9025
2562 6761805 3406
2563 6765211 2050
2564 6767261 2000
2565 6769261 7130
2566 6776391 6463
2567 6782854 3689
2568 6786543 2245
2569 6788788 14968
2570 6803756 6413
2571 6810169 1327
2572 6811496 1974
2573 6813470 2936
2574 6816406 2583
2575 6818989 2135
2576 6821124 1587
2577 6822711 739
2578 6823450 1389
2579 6824839 733
2580 6825572 385
2581 6825957 3986
2582 6829943 3923
2583 6833866 3061
2584 6836927 4163
2585 6841090 7606
2586 6848696 5436
2587 6854132 1354
2589 6855486 1171
2590 6856657 927
2591 6857584 1857
2592 6859441 2418
2593 6861859 5495
2595 6867354 8099
2596 6875453 2469
2597 6877922 914
2598 6878836 845
2599 6879681 1641
2600 6881322 2237
2601 6883559 7285
2602 6890844 1639
2603 6892483 4767
2604 6897250 2455
2605 6899705 3636
2606 6903341 2691
2607 6906032 6967
2608 6912999 2302
2609 6915301 3021
2610 6918322 4603
2611 6922925 2521
2612 6925446 2883
2613 6928329 1904
2614 6930233 1273
2615 6931506 4736
2616 6936242 1633
2617 6937875 1002
2618 6938877 1601
2619 6940478 1799
2620 6942277 4608
2621 6946885 1672
2622 6948557 2684
2623 6951241 9348
2624 6960589 1876
2625 6962465 2633
2626 6965098 9089
2627 6974187 3550
2628 6977737 6157
2629 6983894 3368
2630 6987262 2955
2631 6990217 7881
2632 6998098 1733
2633 6999831 2200
2634 7002031 1646
2635 7003677 962
2636 7004639 2387
2637 7007026 1678
2638 7008704 1780
2640 7010484 7386
2641 7017870 3142
2642 7021012 1674
2643 7022686 1410
2644 7024096 7687
2645 7031783 1991
2646 7033774 2113
2647 7035887 1783
2648 7037670 1685
2649 7039355 2076
2650 7041431 1156
2651 7042587 8495
2652 7051082 4214
2653 7055296 3215
2654 7058511 12847
2655 7071358 4564
2656 7075922 2361
2657 7078283 2417
2658 7080700 649
2659 7081349 1366
2660 7082715 10072
2661 7092787 21751
2662 7114538 861
2663 7115399 3503
2664 7118902 3824
2665 7122726 1412
2666 7124138 1057
2667 7125195 5749
2668 7130944 1202
2669 7132146 900
2670 7133046 10810
2671 7143856 1345
2672 7145201 17715
2673 7162916 9463
2674 7172379 2833
2675 7175212 3960
2676 7179172 1345
2677 7180517 4588
2678 7185105 5945
2679 7191050 1049
2680 7192099 867
2681 7192966 2291
2682 7195257 8155
2683 7203412 3244
2684 7206656 1831
2685 7208487 519
2686 7209006 1537
2687 7210543 2265
2688 7212808 3797
2689 7216605 5923
2690 7222528 1319
2691 7223847 3157
2692 7227004 1229
2693 7228233 1303
2694 7229536 1093
2695 7230629 5525
2696 7236154 919
2697 7237073 4353
2698 7241426 332
2699 7241758 8864
2700 7250622 3579
2701 7254201 1595
2702 7255796 1327
2703 7257123 6384
2704 7263507 4061
2705 7267568 1239
2706 7268807 2932
2707 7271739 2645
2708 7274384 1768
2709 7276152 4099
2710 7280251 12805
2711 7293056 1463
2712 7294519 4018
2713 7298537 3568
2714 7302105 1353
2715 7303458 1076
2716 7304534 3947
2717 7308481 6861
2719 7315342 1572
2720 7316914 1506
2721 7318420 1441
2722 7319861 2419
2723 7322280 2146
2724 7324426 1735
2725 7326161 1752
2726 7327913 1143
2727 7329056 1624
2728 7330680 793
2729 7331473 7009
2730 7338482 8116
2731 7346598 1465
2732 7348063 1071
2733 7349134 4655
2734 7353789 2410
2735 7356199 1153
2736 7357352 6422
2737 7363774 1758
2738 7365532 7539
2739 7373071 2153
2740 7375224 6376
2741 7381600 3979
2742 7385579 1379
2743 7386958 8319
2744 7395277 6880
2745 7402157 9515
2746 7411672 3628
2747 7415300 2211
2748 7417511 3377
2749 7420888 4714
2750 7425602 1667
2751 7427269 9652
2752 7436921 2019
2753 7438940 1853
2754 7440793 2645
2755 7443438 3187
2756 7446625 9538
2757 7456163 3462
2758 7459625 8378
2759 7468003 2137
2760 7470140 1726
2761 7471866 1065
2762 7472931 1478
2763 7474409 1055
2764 7475464 1368
2765 7476832 5360
2766 7482192 4992
2767 7487184 2151
2768 7489335 1738
2769 7491073 4016
2770 7495089 2319
2771 7497408 2256
2772 7499664 7670
2773 7507334 1315
2774 7508649 1474
2775 7510123 4279
2776 7514402 1263
2777 7515665 1231
2778 7516896 1408
2779 7518304 1685
2780 7519989 5183
2781 7525172 2522
2783 7527694 3181
2784 7530875 10930
2786 7541805 9575
2787 7551380 3784
2788 7555164 1565
2789 7556729 2112
2790 7558841 7031
2791 7565872 1863
2792 7567735 7361
2793 7575096 3385
2794 7578481 1918
2795 7580399 12886
2796 7593285 5250
2797 7598535 4675
2798 7603210 1374
2799 7604584 2472
2800 7607056 2319
2801 7609375 2151
2802 7611526 3604
2803 7615130 1378
2804 7616508 11043
2805 7627551 1167
2806 7628718 669
2807 7629387 4757
2808 7634144 2038
2809 7636182 1292
2810 7637474 899
2811 7638373 7410
2812 7645783 3113
2813 7648896 1892
2814 7650788 2875
2815 7653663 968
2816 7654631 1318
2817 7655949 1353
2818 7657302 525
2819 7657827 3969
2820 7661796 4618
2821 7666414 4955
2822 7671369 3242
2823 7674611 2208
2824 7676819 857
2825 7677676 783
2826 7678459 1242
2827 7679701 5682
2828 7685383 1588
2829 7686971 765
2830 7687736 1682
2831 7689418 12976
2832 7702394 551
2833 7702945 1839
2834 7704784 2469
2835 7707253 2320
2836 7709573 2685
2837 7712258 1647
2838 7713905 619
2839 7714524 2158
2840 7716682 2194
2841 7718876 2198
2842 7721074 2321
2843 7723395 2133
2844 7725528 479
2845 7726007 2426
2846 7728433 1231
2847 7729664 3099
2848 7732763 1557
2849 7734320 704
2850 7735024 1042
2851 7736066 5103
2852 7741169 9788
2853 7750957 1649
2854 7752606 738
2855 7753344 723
2856 7754067 2917
2857 7756984 1867
2858 7758851 2308
2859 7761159 3179
2860 7764338 2889
2861 7767227 2952
2862 7770179 3004
2863 7773183 2434
2864 7775617 2465
2865 7778082 2534
2866 7780616 850
2867 7781466 1592
2868 7783058 5826
2869 7788884 2574
2870 7791458 1284
2871 7792742 2041
2872 7794783 1576
2873 7796359 2894
2874 7799253 5799
2875 7805052 1191
2876 7806243 2818
2877 7809061 1840
2878 7810901 1233
2879 7812134 1117
2880 7813251 1774
2881 7815025 5988
2882 7821013 1798
2883 7822811 3436
2884 7826247 1591
2885 7827838 609
2886 7828447 2700
2887 7831147 895
2888 7832042 5757
2889 7837799 5207
2890 7843006 1609
2891 7844615 760
2892 7845375 789
2893 7846164 2481
2894 7848645 5796
2895 7854441 3735
2896 7858176 3711
2897 7861887 3669
2900 7865556 3846
2903 7869402 3792
2904 7873194 3816
2906 7877010 3753
2907 7880763 3792
2908 7884555 3810
2912 7888365 625
2913 7888990 5816
2914 7894806 681
2915 7895487 2801
2916 7898288 2864
2917 7901152 1089
2918 7902241 1272
2919 7903513 7577
2920 7911090 1481
2921 7912571 2293
2922 7914864 2093
2923 7916957 1454
2924 7918411 980
2925 7919391 1699
2926 7921090 2619
2927 7923709 1906
2928 7925615 17037
2929 7942652 1543
2930 7944195 4844
2931 7949039 2105
2932 7951144 2816
2933 7953960 6276
2934 7960236 530
2935 7960766 4030
2936 7964796 2038
2937 7966834 1209
2938 7968043 4655
2939 7972698 850
2940 7973548 2114
2941 7975662 1892
2942 7977554 4179
2943 7981733 4692
2944 7986425 9234
2945 7995659 4127
2946 7999786 2703
2947 8002489 841
2948 8003330 806
2949 8004136 905
2950 8005041 1049
2951 8006090 6707
2952 8012797 8213
2953 8021010 3709
2954 8024719 5014
2955 8029733 3494
2956 8033227 1882
2957 8035109 985
2958 8036094 1404
2959 8037498 1163
2960 8038661 2092
2961 8040753 1292
2962 8042045 1731
2963 8043776 1801
2964 8045577 2175
2965 8047752 1797
2966 8049549 7660
2967 8057209 18348
2968 8075557 3872
2969 8079429 4404
2970 8083833 3339
2971 8087172 3542
2972 8090714 10506
2973 8101220 4058
2974 8105278 1212
2975 8106490 887
2976 8107377 1499
2977 8108876 960
2978 8109836 1968
2979 8111804 4457
2980 8116261 1625
2981 8117886 6237
2982 8124123 7693
2983 8131816 1988
2984 8133804 3998
2985 8137802 2668
2986 8140470 4766
2987 8145236 8843
2988 8154079 4972
2989 8159051 7970
2990 8167021 4780
2991 8171801 10034
2992 8181835 2207
2993 8184042 1612
2994 8185654 2096
2995 8187750 1871
2996 8189621 2432
2997 8192053 2890
2998 8194943 2578
2999 8197521 13297
3000 8210818 2485
3001 8213303 2256
3002 8215559 2510
3003 8218069 3082
3004 8221151 1583
3005 8222734 10156
3007 8232890 4716
3008 8237606 6996
3009 8244602 3656
3010 8248258 3423
3011 8251681 2843
3012 8254524 5874
3013 8260398 3080
3014 8263478 5855
3015 8269333 4769
3016 8274102 13731
3017 8287833 3827
3018 8291660 2966
3019 8294626 1620
3020 8296246 8105
3021 8304351 5688
3022 8310039 12499
3023 8322538 3812
3024 8326350 2201
3025 8328551 5464
3026 8334015 5846
3027 8339861 7924
3028 8347785 10139
3029 8357924 3599
3030 8361523 3385
3031 8364908 2181
3033 8367089 3780
3034 8370869 2027
3035 8372896 1480
3036 8374376 7375
3037 8381751 1017
3038 8382768 941
3039 8383709 1674
3040 8385383 3275
3041 8388658 1822
3042 8390480 4058
3043 8394538 2167
3044 8396705 4024
3045 8400729 1394
3046 8402123 4917
3047 8407040 2599
3048 8409639 1750
3049 8411389 1973
3050 8413362 1482
3051 8414844 3227
3052 8418071 3730
3053 8421801 4243
3055 8426044 14600
3057 8440644 4815
3058 8445459 4098
3059 8449557 2616
3060 8452173 2719
3061 8454892 3565
3062 8458457 3463
3065 8461920 1247
3066 8463167 4167
3067 8467334 3669
3070 8471003 3788
3072 8474791 3063
3073 8477854 1683
3074 8479537 4298
3076 8483835 3172
3077 8487007 3991
3078 8490998 4153
3079 8495151 3537
3080 8498688 3637
3081 8502325 3799
3082 8506124 3998
3083 8510122 3465
3084 8513587 4304
3086 8517891 3757
3088 8521648 3497
3093 8525145 3472
3095 8528617 3084
3096 8531701 3126
3097 8534827 4055
3098 8538882 3261
3100 8542143 4348
3101 8546491 3401
3103 8549892 3447
3104 8553339 3509
3106 8556848 4667
3107 8561515 1504
3108 8563019 3407
3112 8566426 1220
3116 8567646 5059
3117 8572705 3165
3118 8575870 3283
3119 8579153 3632
3120 8582785 3724
3121 8586509 3474
3122 8589983 2730
3123 8592713 3232
3124 8595945 3640
3125 8599585 3189
3126 8602774 3544
3127 8606318 18933
3128 8625251 4510
3129 8629761 3775
3130 8633536 3615
3132 8637151 4323
3133 8641474 1232
3134 8642706 926
3135 8643632 2954
3136 8646586 4065
3137 8650651 3543
3139 8654194 3522
3140 8657716 2606
3141 8660322 1103
3142 8661425 4216
3143 8665641 19808
3144 8685449 3821
3145 8689270 4816
3146 8694086 3323
3147 8697409 4809
3148 8702218 3309
3149 8705527 3269
3150 8708796 3641
3151 8712437 755
3152 8713192 3223
3153 8716415 760
3154 8717175 6210
3155 8723385 6352
3156 8729737 5730
3157 8735467 10741
3159 8746208 1577
3160 8747785 2142
3162 8749927 4305
3163 8754232 6378
3164 8760610 3041
3165 8763651 6091
3166 8769742 6072
3167 8775814 1686
3168 8777500 6465
3169 8783965 3268
3170 8787233 6703
3171 8793936 9027
3172 8802963 1418
3173 8804381 2903
3174 8807284 1768
3175 8809052 3344
3176 8812396 6010
3177 8818406 6790
3178 8825196 6296
3179 8831492 6418
3180 8837910 9693
3181 8847603 9734
3182 8857337 1174
3183 8858511 707
3184 8859218 1140
3185 8860358 3790
3186 8864148 662
3187 8864810 5520
3188 8870330 1385
3189 8871715 2774
3190 8874489 2311
3191 8876800 5521
3192 8882321 12211
3193 8894532 2590
3194 8897122 26079
3195 8923201 3704
3196 8926905 4029
3197 8930934 12424
3198 8943358 4395
3199 8947753 3885
3200 8951638 14645
3201 8966283 12267
3202 8978550 3669
3203 8982219 1630
3204 8983849 9096
3205 8992945 1797
3206 8994742 706
3207 8995448 3225
3208 8998673 2850
3209 9001523 5813
3210 9007336 9612
3211 9016948 4037
3212 9020985 1128
3213 9022113 1779
3214 9023892 5494
3215 9029386 4591
3216 9033977 4537
3217 9038514 4388
3218 9042902 1852
3219 9044754 4364
3220 9049118 3669
3221 9052787 6158
3222 9058945 4185
3223 9063130 1099
3224 9064229 728
3225 9064957 8838
3226 9073795 3948
3227 9077743 7001
3228 9084744 1506
3229 9086250 2472
3230 9088722 1081
3231 9089803 1019
3232 9090822 1010
3233 9091832 5321
3234 9097153 10993
3235 9108146 741
3236 9108887 660
3237 9109547 4012
3238 9113559 10084
3239 9123643 1303
3240 9124946 3104
3241 9128050 846
3243 9128896 621
3244 9129517 982
3245 9130499 720
3246 9131219 1747
3247 9132966 12293
3248 9145259 4321
3249 9149580 11186
3250 9160766 3605
3251 9164371 3750
3252 9168121 1645
3253 9169766 2695
3254 9172461 2676
3255 9175137 508
3256 9175645 4144
3257 9179789 6066
3258 9185855 1732
3259 9187587 3587
3260 9191174 2449
3261 9193623 6017
3262 9199640 5774
3263 9205414 7760
3264 9213174 4933
3265 9218107 901
3266 9219008 1267
3267 9220275 2027
3268 9222302 4059
3269 9226361 3488
3270 9229849 600
3271 9230449 4053
3272 9234502 2904
3273 9237406 2847
3274 9240253 3499
3275 9243752 5606
3276 9249358 4641
3277 9253999 5088
3278 9259087 2701
3279 9261788 9162
3280 9270950 9400
3281 9280350 5542
3282 9285892 2017
3283 9287909 7349
3284 9295258 1988
3287 9297246 2602
3288 9299848 8360
3289 9308208 1302
3290 9309510 1878
3291 9311388 3082
3292 9314470 4554
3293 9319024 2019
3294 9321043 1195
3295 9322238 1215
3296 9323453 5283
3297 9328736 2777
3298 9331513 4010
3299 9335523 1132
3300 9336655 2018
3301 9338673 2140
3302 9340813 1333
3303 9342146 2888
3304 9345034 1580
3306 9346614 5292
3307 9351906 733
3308 9352639 528
3309 9353167 857
3310 9354024 668
3311 9354692 529
3312 9355221 567
3313 9355788 1337
3314 9357125 3520
3315 9360645 3735
3316 9364380 508
3317 9364888 2081
3318 9366969 1334
3319 9368303 3392
3320 9371695 6246
3321 9377941 3264
3322 9381205 5320
3323 9386525 3006
3324 9389531 3807
3325 9393338 3286
3326 9396624 3035
3328 9399659 1931
3329 9401590 3194
3330 9404784 3773
3331 9408557 207
3332 9408764 1938
3333 9410702 2168
3335 9412870 3796
3338 9416666 10071
3339 9426737 2047
3340 9428784 3820
3341 9432604 3444
3342 9436048 4214
3343 9440262 1513
3344 9441775 1454
3345 9443229 2349
3346 9445578 1946
3347 9447524 3098
3348 9450622 2757
3350 9453379 2384
3352 9455763 1304
3354 9457067 1096
3355 9458163 1317
3357 9459480 2502
3358 9461982 3089
3360 9465071 6206
3361 9471277 9204
3362 9480481 11697
3363 9492178 2073
3364 9494251 6502
3365 9500753 5817
3368 9506570 189
3369 9506759 225
3370 9506984 250
3371 9507234 177
3372 9507411 211
3373 9507622 189
3374 9507811 234
3375 9508045 5978
3376 9514023 1223
3378 9515246 9982
3379 9525228 5504
3380 9530732 3037
3381 9533769 1990
3382 9535759 1954
3383 9537713 2317
3384 9540030 1820
3385 9541850 1414
3386 9543264 1494
3387 9544758 1559
3388 9546317 1633
3389 9547950 3455
3390 9551405 2545
3391 9553950 15273
3396 9569223 6150
3397 9575373 2550
3399 9577923 2755
3401 9580678 1378
3402 9582056 175
3403 9582231 1926
3404 9584157 4971
3405 9589128 1396
3407 9590524 1830
3408 9592354 2870
3409 9595224 8163
3410 9603387 7514
3411 9610901 3485
3412 9614386 9745
3413 9624131 1639
3414 9625770 946
3415 9626716 1649
3418 9628365 1019
3419 9629384 15087
3420 9644471 4127
3422 9648598 3481
3423 9652079 3492
3424 9655571 1210
3426 9656781 756
3427 9657537 493
3428 9658030 7785
3429 9665815 2853
3430 9668668 3623
3431 9672291 2729
3432 9675020 1207
3435 9676227 234
3436 9676461 189
3437 9676650 244
3438 9676894 11857
3439 9688751 5351
3440 9694102 5894
3441 9699996 1760
3442 9701756 1044
3443 9702800 22665
3444 9725465 1501
3445 9726966 6615
3448 9733581 1624
3451 9735205 1947
3452 9737152 1553
3453 9738705 2552
3454 9741257 1999
3455 9743256 3744
3456 9747000 934
3457 9747934 1199
3458 9749133 1918
3459 9751051 1430
3460 9752481 3803
3461 9756284 5710
3462 9761994 2232
3463 9764226 2894
3464 9767120 1496
3465 9768616 5742
3466 9774358 2650
3467 9777008 1279
3468 9778287 1257
3469 9779544 1326
3470 9780870 7947
3471 9788817 1704
3472 9790521 2822
3473 9793343 1234
3474 9794577 1422
3475 9795999 5116
3476 9801115 3033
3477 9804148 1288
3478 9805436 2780
3479 9808216 1435
3480 9809651 921
3481 9810572 2767
3482 9813339 1486
3483 9814825 899
3484 9815724 2992
3485 9818716 1214
3486 9819930 8771
3487 9828701 2600
3488 9831301 1616
3489 9832917 2226
3490 9835143 1982
3491 9837125 6245
3492 9843370 2070
3493 9845440 1558
3494 9846998 3139
3495 9850137 4051
3496 9854188 2675
3497 9856863 2874
3498 9859737 1028
3499 9860765 1410
3500 9862175 5497
3501 9867672 1638
3502 9869310 3610
3503 9872920 2072
3504 9874992 5800
3505 9880792 6772
3506 9887564 1212
3507 9888776 1511
3508 9890287 348
3509 9890635 2190
3510 9892825 1733
3511 9894558 2937
3512 9897495 1211
3513 9898706 1951
3514 9900657 913
3515 9901570 1859
3516 9903429 2958
3517 9906387 6877
3518 9913264 2652
3519 9915916 1554
3520 9917470 1759
3521 9919229 1696
3522 9920925 951
3523 9921876 8950
3524 9930826 5601
3525 9936427 5659
3526 9942086 5476
3527 9947562 6733
3528 9954295 2064
3529 9956359 19447
3530 9975806 7671
3531 9983477 1810
3532 9985287 1228
3533 9986515 3026
3534 9989541 1848
3535 9991389 2683
3536 9994072 4165
3537 9998237 1403
3538 9999640 585
3539 10000225 6562
3540 10006787 2406
3541 10009193 1819
3542 10011012 3337
3543 10014349 1879
3544 10016228 13749
3545 10029977 532
3546 10030509 1630
3547 10032139 3021
3548 10035160 2358
3549 10037518 2822
3550 10040340 18364
3551 10058704 7395
3552 10066099 1288
3553 10067387 1066
3554 10068453 9068
3555 10077521 11257
3556 10088778 9242
3557 10098020 15997
3558 10114017 8744
3559 10122761 8436
3560 10131197 7371
3561 10138568 11282
3562 10149850 19495
3563 10169345 13545
3564 10182890 5473
3565 10188363 481
3566 10188844 821
3567 10189665 3185
3568 10192850 7331
3569 10200181 528
3570 10200709 1526
3571 10202235 3448
3572 10205683 2092
3573 10207775 9158
3574 10216933 8012
3575 10224945 8555
3576 10233500 4680
3577 10238180 2678
3578 10240858 4072
3580 10244930 7141
3581 10252071 3396
3582 10255467 2823
3583 10258290 668
3584 10258958 1041
3585 10259999 1629
3586 10261628 6667
3587 10268295 1337
3588 10269632 11440
3589 10281072 6337
3590 10287409 4428
3591 10291837 25795
3592 10317632 3739
3593 10321371 5132
3594 10326503 8395
3595 10334898 9762
3596 10344660 4622
3598 10349282 9588
3599 10358870 12836
3600 10371706 4681
3601 10376387 10949
3602 10387336 6263
3603 10393599 5100
3604 10398699 1746
3605 10400445 3805
3606 10404250 4756
3607 10409006 3699
3608 10412705 10707
3609 10423412 9905
3610 10433317 6839
3611 10440156 6100
3613 10446256 5796
3614 10452052 4089
3615 10456141 3898
3616 10460039 3494
3617 10463533 3833
3618 10467366 3323
3619 10470689 12267
3620 10482956 12834
3621 10495790 4220
3622 10500010 2852
3623 10502862 5563
3624 10508425 15909
3625 10524334 4284
3626 10528618 708
3627 10529326 1193
3628 10530519 4401
3629 10534920 4375
3630 10539295 2080
3631 10541375 13029
3632 10554404 6698
3633 10561102 8825
3634 10569927 7738
3635 10577665 10689
3636 10588354 205
3637 10588559 6996
3638 10595555 8939
3639 10604494 2333
3640 10606827 8155
3641 10614982 8287
3642 10623269 3888
3643 10627157 5748
3645 10632905 2538
3646 10635443 13735
3647 10649178 4678
3648 10653856 520
3649 10654376 1524
3650 10655900 3079
3651 10658979 5127
3652 10664106 7820
3654 10671926 11003
3655 10682929 1828
3656 10684757 7263
3657 10692020 3684
3659 10695704 474
3661 10696178 2490
3663 10698668 3875
3664 10702543 745
3665 10703288 867
3666 10704155 5668
3667 10709823 1480
3668 10711303 2134
3669 10713437 2614
3670 10716051 3662
3671 10719713 3266
3672 10722979 2082
3673 10725061 4822
3674 10729883 10138
3675 10740021 583
3676 10740604 3160
3677 10743764 3449
3679 10747213 3759
3681 10750972 9852
3683 10760824 1627
3684 10762451 3119
3686 10765570 3664
3687 10769234 1978
3688 10771212 4390
3689 10775602 1360
3690 10776962 9449
3691 10786411 4572
3692 10790983 2577
3693 10793560 3571
3694 10797131 1799
3695 10798930 1479
3696 10800409 1501
3697 10801910 4712
3698 10806622 2887
3699 10809509 8555
3700 10818064 7771
3701 10825835 5302
3702 10831137 3037
3703 10834174 7120
3704 10841294 1190
3705 10842484 2797
3706 10845281 2584
3707 10847865 1944
3708 10849809 2313
3709 10852122 520
3710 10852642 5877
3711 10858519 513
3712 10859032 2069
3713 10861101 6621
3714 10867722 5876
3715 10873598 2514
3716 10876112 3068
3717 10879180 8935
3718 10888115 3610
3720 10891725 3034
3721 10894759 8950
3722 10903709 4034
3723 10907743 3387
3724 10911130 3632
3725 10914762 1461
3726 10916223 4476
3727 10920699 1016
3728 10921715 1770
3729 10923485 5590
3730 10929075 2089
3731 10931164 1790
3732 10932954 15848
3733 10948802 5927
3734 10954729 2248
3735 10956977 2612
3736 10959589 5397
3737 10964986 3916
3738 10968902 13765
3739 10982667 3820
3740 10986487 1843
3741 10988330 3633
3742 10991963 6588
3743 10998551 2955
3744 11001506 559
3745 11002065 4684
3746 11006749 4550
3747 11011299 2704
3748 11014003 4737
3749 11018740 2152
3750 11020892 734
3751 11021626 5663
3752 11027289 2547
3753 11029836 8577
3754 11038413 7400
3755 11045813 2414
3756 11048227 1458
3757 11049685 1638
3758 11051323 2671
3759 11053994 2579
3760 11056573 2250
3761 11058823 3061
3762 11061884 2067
3763 11063951 2985
3764 11066936 6953
3765 11073889 6359
3766 11080248 6891
3767 11087139 6770
3768 11093909 3942
3769 11097851 8123
3770 11105974 7784
3771 11113758 3114
3772 11116872 1797
3773 11118669 2981
3774 11121650 1613
3775 11123263 3023
3776 11126286 3434
3777 11129720 1858
3778 11131578 1525
3779 11133103 4769
3780 11137872 1742
3781 11139614 1516
3782 11141130 2462
3783 11143592 3613
3784 11147205 2061
3785 11149266 1456
3786 11150722 2809
3787 11153531 7815
3788 11161346 3330
3789 11164676 3623
3790 11168299 8872
3791 11177171 3731
3792 11180902 2822
3793 11183724 2199
3794 11185923 3565
3795 11189488 3492
3796 11192980 2068
3797 11195048 1597
3798 11196645 1791
3799 11198436 6357
3800 11204793 3196
3801 11207989 2232
3802 11210221 1857
3803 11212078 3419
3804 11215497 5501
3805 11220998 2002
3806 11223000 4147
3807 11227147 2711
3808 11229858 3754
3809 11233612 1743
3810 11235355 1534
3811 11236889 1543
3812 11238432 1615
3813 11240047 3645
3814 11243692 2730
3815 11246422 3957
3816 11250379 2376
3817 11252755 2390
3818 11255145 2584
3819 11257729 2367
3820 11260096 2529
3821 11262625 23248
3822 11285873 3209
3823 11289082 3611
3824 11292693 6313
3825 11299006 3082
3826 11302088 3290
3827 11305378 3403
3828 11308781 5230
3829 11314011 1605
3830 11315616 2582
3831 11318198 3412
3832 11321610 2443
3833 11324053 1071
3834 11325124 2354
3835 11327478 5074
3836 11332552 4218
3837 11336770 3009
3838 11339779 3768
3839 11343547 2630
3840 11346177 5411
3841 11351588 2518
3842 11354106 3780
3843 11357886 1090
3844 11358976 5305
3845 11364281 1433
3846 11365714 1205
3847 11366919 2035
3848 11368954 7434
3849 11376388 3320
3850 11379708 2528
3851 11382236 2674
3852 11384910 2742
3853 11387652 1914
3854 11389566 2433
3855 11391999 7159
3856 11399158 1551
3857 11400709 1142
3859 11401851 1134
3860 11402985 1142
3861 11404127 1142
3862 11405269 1142
3863 11406411 1142
3864 11407553 1142
3865 11408695 1142
3866 11409837 785
3867 11410622 1117
3868 11411739 8077
3869 11419816 5543
3870 11425359 1317
3871 11426676 2001
3872 11428677 4752
3873 11433429 6782
3874 11440211 8183
3875 11448394 3913
3877 11452307 1241
3878 11453548 8853
3879 11462401 6013
3880 11468414 2057
3881 11470471 4452
3882 11474923 1939
3884 11476862 2397
3885 11479259 1265
3886 11480524 2918
3887 11483442 2152
3888 11485594 3009
3889 11488603 935
3891 11489538 2591
3892 11492129 1509
3893 11493638 3404
3894 11497042 1651
3895 11498693 6369
3896 11505062 2463
3897 11507525 2150
3898 11509675 5069
3899 11514744 8565
3900 11523309 5187
3901 11528496 1085
3903 11529581 1460
3904 11531041 2463
3905 11533504 2359
3906 11535863 1817
3907 11537680 3500
3908 11541180 2417
3909 11543597 3924
3911 11547521 434
3914 11547955 2459
3915 11550414 2081
3916 11552495 2429
3917 11554924 2653
3919 11557577 7995
3920 11565572 5227
3921 11570799 5945
3922 11576744 4557
3923 11581301 2493
3924 11583794 2481
3925 11586275 7412
3931 11593687 1132
3932 11594819 1775
3933 11596594 1918
3934 11598512 634
3935 11599146 475
3937 11599621 2570
3938 11602191 2512
3939 11604703 1915
3940 11606618 5767
3941 11612385 2030
3942 11614415 3818
3943 11618233 8131
3945 11626364 2381
3946 11628745 1571
3947 11630316 3006
3948 11633322 1773
3949 11635095 8304
3950 11643399 1693
3951 11645092 413
3952 11645505 423
3953 11645928 439
3954 11646367 483
3955 11646850 453
3956 11647303 461
3957 11647764 485
3958 11648249 521
3959 11648770 469
3960 11649239 499
3961 11649738 475
3962 11650213 467
3963 11650680 483
3964 11651163 451
3965 11651614 519
3966 11652133 2134
3967 11654267 996
3968 11655263 5433
3969 11660696 1965
3970 11662661 1495
3971 11664156 1850
3972 11666006 1164
3973 11667170 1171
3974 11668341 6952
3975 11675293 3750
3976 11679043 1016
3977 11680059 2466
3978 11682525 2225
3979 11684750 3216
3980 11687966 2581
3981 11690547 30036
3982 11720583 1090
3983 11721673 1740
3984 11723413 5103
3985 11728516 1244
3986 11729760 1644
3987 11731404 1725
3988 11733129 2404
3989 11735533 1672
3990 11737205 1576
3991 11738781 2633
3992 11741414 3216
3993 11744630 4658
3994 11749288 1778
3995 11751066 949
3996 11752015 1488
3997 11753503 2048
3998 11755551 1522
3999 11757073 1794
4000 11758867 1282
4001 11760149 1901
4002 11762050 1617
4003 11763667 854
4004 11764521 2712
4005 11767233 1869
4006 11769102 6149
4007 11775251 2723
4008 11777974 1398
4009 11779372 1200
4010 11780572 2682
4011 11783254 1451
4012 11784705 2311
4013 11787016 1462
4014 11788478 1334
4015 11789812 2186
4016 11791998 1515
4017 11793513 1710
4018 11795223 5214
4019 11800437 2582
4020 11803019 5604
4021 11808623 1670
4022 11810293 1292
4023 11811585 2965
4024 11814550 1597
4025 11816147 2785
4026 11818932 1289
4027 11820221 856
4028 11821077 1603
4029 11822680 3991
4030 11826671 3232
4031 11829903 2981
4032 11832884 3353
4033 11836237 2708
4034 11838945 1403
4035 11840348 1366
4036 11841714 880
4037 11842594 2161
4038 11844755 1623
4039 11846378 1086
4040 11847464 3320
4041 11850784 3197
4042 11853981 3774
4043 11857755 1750
4044 11859505 4868
4045 11864373 3860
4047 11868233 1781
4048 11870014 965
4049 11870979 1266
4050 11872245 981
4051 11873226 1158
4052 11874384 5082
4053 11879466 2277
4054 11881743 1851
4055 11883594 1125
4056 11884719 1288
4057 11886007 1234
4058 11887241 4179
4059 11891420 1502
4060 11892922 2685
4061 11895607 2137
4062 11897744 1095
4063 11898839 1830
4064 11900669 4995
4065 11905664 2334
4066 11907998 466
4067 11908464 3157
4068 11911621 2105
4069 11913726 10188
4070 11923914 1121
4071 11925035 1337
4072 11926372 5176
4073 11931548 2527
4074 11934075 6649
4075 11940724 7820
4076 11948544 1412
4077 11949956 1766
4078 11951722 2240
4079 11953962 3408
4080 11957370 1952
4081 11959322 2096
4082 11961418 6043
4083 11967461 2070
4084 11969531 1451
4085 11970982 1101
4086 11972083 3172
4087 11975255 6309
4088 11981564 1978
4089 11983542 2386
4090 11985928 2603
4091 11988531 2607
4092 11991138 3597
4093 11994735 1407
4094 11996142 8490
4095 12004632 3904
4096 12008536 1474
4097 12010010 10440
4099 12020450 7197
4101 12027647 3354
4102 12031001 6490
4104 12037491 4656
4105 12042147 2988
4106 12045135 1315
4107 12046450 3068
4108 12049518 1951
4109 12051469 1664
4110 12053133 1710
4112 12054843 2059
4113 12056902 2124
4114 12059026 978
4115 12060004 1888
4116 12061892 3952
4117 12065844 2193
4118 12068037 5393
4119 12073430 1739
4120 12075169 1891
4121 12077060 2539
4122 12079599 2189
4123 12081788 2374
4124 12084162 2181
4125 12086343 1788
4126 12088131 2378
4128 12090509 4949
4130 12095458 13670
4131 12109128 5367
4132 12114495 971
4133 12115466 14500
4134 12129966 1849
4135 12131815 1600
4136 12133415 1090
4137 12134505 1512
4138 12136017 1759
4139 12137776 6073
4140 12143849 2983
4141 12146832 3073
4142 12149905 2381
4143 12152286 1949
4144 12154235 2845
4145 12157080 5398
4146 12162478 15387
4147 12177865 7234
4148 12185099 3350
4149 12188449 3229
4150 12191678 2535
4151 12194213 2955
4152 12197168 1337
4153 12198505 2292
4154 12200797 5268
4155 12206065 1606
4156 12207671 1291
4157 12208962 1699
4158 12210661 1985
4159 12212646 2059
4160 12214705 2598
4161 12217303 2023
4162 12219326 1490
4163 12220816 1484
4164 12222300 1389
4165 12223689 2485
4166 12226174 1611
4167 12227785 208
4168 12227993 2808
4169 12230801 935
4170 12231736 1112
4171 12232848 15565
4172 12248413 6420
4173 12254833 13951
4174 12268784 724
4175 12269508 2757
4176 12272265 2039
4177 12274304 2596
4178 12276900 2772
4179 12279672 1765
4180 12281437 20051
4181 12301488 9026
4182 12310514 3559
4183 12314073 3541
4184 12317614 3382
4186 12320996 3349
4187 12324345 417
4189 12324762 2896
4191 12327658 1794
4192 12329452 4095
4194 12333547 2956
4195 12336503 916
4196 12337419 675
4198 12338094 3833
4199 12341927 217
4200 12342144 28623
4201 12370767 4201
4202 12374968 7388
4203 12382356 9318
4204 12391674 30299
4205 12421973 19670
4206 12441643 937
4207 12442580 603
4208 12443183 2311
4209 12445494 1601
4210 12447095 4952
4211 12452047 3302
4212 12455349 4035
4213 12459384 2487
4214 12461871 4578
4215 12466449 1131
4216 12467580 1990
4217 12469570 656
4218 12470226 408
4219 12470634 9906
4220 12480540 2287
4221 12482827 840
4223 12483667 3529
4224 12487196 918
4225 12488114 2572
4226 12490686 3110
4227 12493796 317
4228 12494113 7201
4229 12501314 19018
4230 12520332 5689
4231 12526021 1289
4232 12527310 2166
4233 12529476 2334
4234 12531810 2595
4235 12534405 2537
4236 12536942 1231
4237 12538173 8986
4238 12547159 3634
4239 12550793 2132
4240 12552925 2345
4241 12555270 22082
4242 12577352 839
4243 12578191 382
4244 12578573 1138
4245 12579711 3831
4246 12583542 1122
4247 12584664 3525
4248 12588189 3237
4249 12591426 1564
4250 12592990 1333
4251 12594323 2003
4252 12596326 2144
4254 12598470 1300
4255 12599770 3882
4256 12603652 539
4257 12604191 6457
4258 12610648 2561
4259 12613209 3659
4260 12616868 807
4261 12617675 1258
4262 12618933 2404
4263 12621337 676
4264 12622013 775
4265 12622788 5004
4266 12627792 2690
4267 12630482 722
4268 12631204 5947
4269 12637151 3323
4270 12640474 8940
4271 12649414 4012
4272 12653426 2038
4273 12655464 3419
4274 12658883 7585
4275 12666468 2629
4276 12669097 2726
4277 12671823 9657
4278 12681480 19334
4279 12700814 3105
4280 12703919 2742
4281 12706661 5365
4282 12712026 2250
4283 12714276 4256
4284 12718532 6585
4285 12725117 959
4286 12726076 4878
4287 12730954 8277
4288 12739231 5344
4289 12744575 6675
4290 12751250 919
4291 12752169 3784
4292 12755953 2948
4293 12758901 3583
4294 12762484 2539
4295 12765023 3699
4296 12768722 4685
4297 12773407 9629
4298 12783036 9636
4299 12792672 11528
4300 12804200 2152
4301 12806352 4795
4302 12811147 3017
4303 12814164 1647
4304 12815811 5785
4305 12821596 2030
4306 12823626 1922
4307 12825548 8391
4308 12833939 8794
4309 12842733 2757
4310 12845490 4492
4311 12849982 3147
4312 12853129 1943
4313 12855072 10648
4314 12865720 6281
4315 12872001 4882
4316 12876883 5305
4317 12882188 1319
4318 12883507 1855
4319 12885362 3604
4320 12888966 195
4321 12889161 3703
4322 12892864 2532
4323 12895396 7687
4324 12903083 7004
4325 12910087 6487
4326 12916574 8801
4327 12925375 3152
4328 12928527 2812
4329 12931339 1845
4330 12933184 7062
4331 12940246 3413
4332 12943659 2652
4333 12946311 1164
4334 12947475 11638
4335 12959113 10842
4336 12969955 9903
4337 12979858 6938
4338 12986796 8938
4339 12995734 2294
4340 12998028 521
4341 12998549 2776
4342 13001325 624
4343 13001949 6374
4344 13008323 4301
4345 13012624 2323
4346 13014947 9194
4347 13024141 6522
4348 13030663 1563
4349 13032226 7415
4350 13039641 2734
4351 13042375 7685
4352 13050060 4476
4353 13054536 2941
4354 13057477 6311
4355 13063788 9255
4356 13073043 2975
4357 13076018 4387
4358 13080405 3899
4359 13084304 1717
4360 13086021 6519
4361 13092540 5476
4362 13098016 5235
4363 13103251 8031
4364 13111282 1839
4365 13113121 2821
